工作如下：
[(2, 60, 3), (1, 100, 2), (3, 20, 2), (2, 40, 1)]
收益如下：
160.0
安排如下：
[(1, 100, 2), (2, 60, 3)]

工作如下：
[(3, 100, 2), (1, 80, 1), (2, 70, 2), (1, 10, 3)]
收益如下：
90.0
安排如下：
[(1, 80, 1), (1, 10, 3)]

工作如下：
[(4, 100, 4), (2, 75, 3), (3, 50, 2), (1, 25, 1)]
收益如下：
100.0
安排如下：
[(1, 25, 1), (2, 75, 3)]

工作如下：
[(2, 60, 3), (1, 100, 2), (3, 20, 2), (2, 40, 1), (2, 50, 3)]
收益如下：
160.0
安排如下：
[(1, 100, 2), (2, 60, 3)]

工作如下：
[(2, 60, 3), (1, 100, 2), (3, 20, 2), (2, 40, 1), (2, 50, 3), (1, 80, 2)]
收益如下：
180.0
安排如下：
[(1, 100, 2), (1, 80, 2)]

工作如下：
[(2, 60, 3), (1, 100, 2), (3, 20, 2), (2, 40, 1), (2, 50, 3), (1, 80, 2), (4, 90, 4)]
收益如下：
180.0
安排如下：
[(1, 100, 2), (1, 80, 2)]

工作如下：
[(3, 60, 3), (2, 100, 2), (1, 20, 2), (2, 40, 1), (4, 50, 3)]
收益如下：
100.0
安排如下：
[(2, 100, 2)]

工作如下：
[(2, 60, 3), (1, 100, 2), (3, 20, 2), (2, 40, 1), (4, 50, 3), (1, 80, 2), (4, 90, 4)]
收益如下：
180.0
安排如下：
[(1, 100, 2), (1, 80, 2)]

工作如下：
[(3, 60, 3), (2, 100, 2), (1, 20, 2), (2, 40, 1), (4, 50, 3), (5, 70, 5)]
收益如下：
100.0
安排如下：
[(2, 100, 2)]

工作如下：
[(2, 60, 3), (1, 100, 2), (3, 20, 2), (2, 40, 1), (4, 50, 3), (5, 70, 5), (3, 90, 4)]
收益如下：
190.0
安排如下：
[(1, 100, 2), (3, 90, 4)]